0000000001
0000000100
0000001111
0000010001
0000101110
0000101111
0000110011
0000110101
0000111011
0000111101
0000111110
0001000011
0001001001
0001001100
0001001111
0001010110
0001011101
0001011110
0001100001
0001101000
0001101001
0001110111
0001111000
0010000011
0010000101
0010001011
0010010000
0010010110
0010011101
0010101000
0010101001
0010101011
0010110011
0010110101
0010110111
0010111000
0010111101
0011000001
0011000101
0011000110
0011001001
0011001010
0011001011
0011100110
0011101010
0011101100
0011110010
0011111000
0011111010
0100000000
0100001010
0100010100
0100010101
0100010111
0100011110
0100011111
0100100010
0100100011
0100100100
0100100101
0100101001
0100101011
0100101111
0100110001
0100110010
0100110011
0100110110
0100111011
0100111101
0100111111
0101000010
0101000011
0101000101
0101001000
0101001010
0101100000
0101100001
0101100011
0101101101
0101110010
0101110011
0101110111
0101111110
0110000000
0110000111
0110001011
0110001100
0110001111
0110010010
0110011100
0110100001
0110100010
0110100101
0110100111
0110110011
0110110101
0110111010
0111000011
0111000100
0111001110
0111011011
0111100000
0111100011
0111100110
0111101010
0111110100
0111111011
1000000010
1000010100
1000011001
1000101011
1000110001
1000110101
1000110110
1000111100
1001000111
1001001111
1001010001
1001100010
1001100101
1001100110
1001101111
1001111000
1010010001
1010010101
1010010110
1010100001
1010100010
1010100011
1010110000
1010110011
1010110111
1010111110
1011000000
1011000010
1011000011
1011001010
1011001111
1011011011
1011011110
1011011111
1011100010
1011100101
1011110110
1011110111
1011111000
1100000011
1100000101
1100000110
1100001000
1100010001
1100100000
1100100010
1100101010
1100101100
1100111000
1100111010
1100111011
1100111110
1100111111
1101000001
1101000010
1101001010
1101011100
1101101000
1101101010
1101101100
1101101111
1101110101
1101110110
1101111010
1101111110
1101111111
1110000110
1110001011
1110010000
1110011000
1110011010
1110011011
1110100000
1110100101
1110100110
1110101000
1110110001
1110110011
1110111101
1111000000
1111001001
1111001100
1111001110
1111010000
1111010001
1111010011
1111011001
1111100001
1111100101
1111101001
1111101100
1111101101
1111110000
1111110100
1111110111
1111111010
1111111100
1111111111
